function f = Tfun(x)


y1=115.9137*exp(-((x-2.041)/0.6214).^2);
y2=13.4188*exp(-((x-0.2748)/0.5443).^2);

f=y1-y2;